

























149
141









149
141


128
140
141
135
136
136
134
134
136
136
136
134
155



130
112
126
130
114
134
122
128


112
116
122
122
124

116
120

124
121

134

132
142
134
120


136
118
159
152
180
146
164
170
152
158
156
148
146
154

139
138
138
141
138
140
130
124
132
128
114
140

136
120
140
126
128
131
138
144
134
134
146
140
150
146
144
135
138
126
120
122
138
140
128
128
126
140
128
116
118
110
124
136
128
122
114
128
120
120
128
132
136
122
122
124
132
128
140
132
130
128
126
126
142
124
128
130
116
126
125
134
132
124
130
126
132
126
126
124
118
124
114
116
122
110
118
122
114
116
112
112
128
118
118
122
132
120
118
110
122
116
116
122
120
110
128
114
126
124
128
124
112
124
128
110
116
122
120
120

116
118
122
122
114
118
116
114
122
130
122
124
120
130
118
126
124
130
120
106
118
122
128
134
120
124
120
120
118
110
122
120
134
126
122
120
138
132
112
124
122
118
118
116
120
118
122
122
114
114
118
116
118
112
114
114
114
124
120
132
118
120
126
124
124
114
126
124
130
118
130
120
118
114
118
120
118
116





118


110
98

116

110




114

118
124
124
111
118

128






114


134

116















119






















98
114
116
130
134
122
122

115
118
116
120
130
122
118
130
118
124


122
124









128


124
124




116
128



110


122



114



116

116









114





118

112


112

112


110

120
110

119


124



130


110
136
110
102
130














124
106


122




124







110














120

112







































































































































126









































































































































































































































































































140



























120




















































































































































































130





















126
144
140

148





124
120
122
120
120
142
130
140
132
152
142
140
122
128
124
126
128
122
126
128
126
120
138
140
134
148
130
116
118
140


126
110
128
128
126
126
128
130
128
130


116

118


136



130
120
128
122
122
118

130











116
126
132
132

142


132

130

140


120




140









130










136





140




140

134

148


128












132

142


132




128




142









144



140




























136




























150
149

138
124
128
130


126

120


128
130
132

128

148

148

126
124
144



136
136
142
136
124
132
140
132
128
138
126
144
152
142
144
144
130
138
130
128

152
140

120
130
140
130
136
140
126


130

154
146
138
140
142
126
126
128
114
126
132
126

120
128
126
120
124
124
122
122
120
124

130
130

128
124

136
140

144
156
156
130
130
136
130
132
132
124
126
130
130
110
120
138
130
130
120
124
138
126
130
140
132
122
124
118
111
112
104
124
124
110
106
120
116
136



112
124

134
124
128
118
122
120
116
130
152
146
146
140
138
120
120
126
120
136
126
128
140
116
120
120
122
126
118
112
124
110
112
112
118
116
116
112
109
132
124
112
118
120
120
120
122
120
112
114
134
124
116
116
120
104
116
112
112
122
120
132
120

122
108
118
112
114
108
130
120
106
118
112
112
108
120
110
110
106
110
118
120
112
126
114
120
112
124
110
120
122
114
114
118
134
122
106
132
118
122
122
114
114
108
114
102
120
114
108
112
108
104
102
114
128
132
110
122
126
130
110
112
114
128
122
112
122
112
124
124
126
124
124
122
126
110
118
116
108
120
106
112
118
110
108
108
122
118
118
114
114
108
104
124
112
120
112
108
114
116
112
122
124
128
109
124
132
124
110
130
130
120
130
116
122
136
118
124

110
122
118
119
110
118
110
122
126
114
114
114
100
106
122
106
120
130
106
122
126
122
120
120












100
92
90
100
105
112
99
120
102
112
112
90
98
86
98
106
120
112
132
110
114
122
110
120
114
144
114
130
116
144
134
120
108
126
130
116
124
134
127
122
125
115
125
127
134
130
150
132
125
128
129
136
130
131
126
109
115
110
116
128
132
112
140
127
128
118
134
148
114
131
118

136



118
138
116
98
112
97
88
114
124
120
114
117
100
124
130
118


102











100
118
116

112
118
120
116




124
124

134









160

158
130
128
146
154
120
126
105
152


126
120
105
115
138
138
140
136
138

132

114
116
108
130
114
138
136
140
162
134
138
118
148
132
118
138
138
126
146
116
124
142
126
140
136
120
132
138
158
132
151
149
126
168
141
140
154
129
131
133
166
154
148
130
126
132
124
120
140
132
140
130
138
130
142
142
137
148
126
150
132
137
126
180
154
172
140
131
160
134
130
146
144
138
130
127
114
127
125
118
160
106
118
120
142
125
132
144
142
134
128
122
135
119
146
144
110
142
104
116
130
128
142
144
116
119
130
134
120
132
130
130
124
144
126
130
128
123
133
126
120
140
134
126
123
119
131
124
105
86
115
105
105
127
137
105
110
127
100
106
106
136
144
145
131
114
127
137
120
140
140
134
132
153
128
130
149
134
154
140
152
150
137
131
150
154
140
144
132
126
156
136
150
120
156
126
148
128
133
140
138
116
130
123
138
130
130
129
122
133
122
117
121
117
118
118
118
130
128
122
129
126
130
120
126
115
130
139
114
130
106
126
118
122
130
130
120
132
130
117
125
122
124
124
135
100
128
130
126
118
124
122
120
124
140
126
112
114
130
110
124
124
136
124
135
100
101
120
132
124
132
104
130

126
112

110

117

123

118

124

120

104

109

108

116

110

124











117








106




106

120




113



108




128

125

124

117

123

120

128

116

119

112

113

109

120

115

108

117
118

114

114

122

120

113

122

118

110

128

134

124

130

116

121

120












125







118







116

123

126

102

122

133

118

120

136

129

128

108

132

136

132

130

114

112

130

123

124

120

128

123

139

119

117

106
139

118

114

110
128
129

109
118
112
120
106

109
120
132
138
125
118
134
127
128
110
137
132
138
138
144
113
124
130
130
117
125
133
127
109
118

132
128
130
123
128

126
132
120
120
125
120
127
128
126
122
128

113
130
114
118
116
110
124
132
127
129
126
120
125
128
130
124
132
124
114
124
138
120
133
120
130
128
128
130
124
119
129
130
124
128
108
128
125
130
126
118
126
132
124
119
128
123
123
120
136
116
122
118
139
126
126
126
126
116
127
125
110
120
117
113
118
126
120
120
138
127
136
130
136
122
118
143
120
134
124
128
124
125
125
118
132
122
122
128
128
125
138
132

134
128
134
142
121
134
117
128
122

108







104
130

114
133
130
132

132
127

124
122


130
130
121
124
119
127

126
130
122
119
128
132

126
117
126

130

128








119













124










134






























126



























118




112





112
130
124











120
























110





















120


































120






130


































120






In Burlingame for weekend. On plane out, almost had urinary retention but was able to pass small amounts of urine on 3 or 4 occasions and OK by the time I landed. Also associated with some suprapubic discomfort. No problem on plane back (but shorter fligh












































95
116
119
131
115
132
129
134

133
142
143

123
136
139
130

125
125
123
127
137
137
121
131
127
120
117
113
118
105
114
127
130
106
120
100
103
108
113
111
110
130
113
109
123
127
117
142
109
103
101
100
109
105
102
118
119
117
115
129
130
115
100
106
104
117
120
101
126
122
121
110
109
120

118
116
138
106
120
108
106
123
127
105
112
122
127
123
127

114
120
124
121
125
109
117
126
122
105
128
118
131
129
117


124
123
108
119
120
111
110
123
104
100
127
123
118
128
105
112
117
128
131
119
101
118
117
130
125
116
109
115
118
114
126
141
141
129
129
127
119
118
137
106
127
134
123
133
125
115
127
111
130
115
116
117
127
118
132
119
114
131
106
127
115
111
129
114
110
130
126
118
128
119
137
110
120
126
129
116
117
113
126
112
114
110
117
107
99
99
112
125
118
116
113
102
120
120
108
104
115
112
97
111
101
109
113
122
120
103
104
118
116
114
124
112
108
111
123
115
116
109
106
126
110
92
99
98
116
91
94
87
97
111
108
117
100
112
112
123
113
109
116
119
117
115
110
110
102
111
105
106
108
113
113
102
101
95
92
102
98
95
82
83
103
108
97
102
104
110
118
106
119
128
119
109
125
100
108
113
103
122
121
115
129
123
116
108
95
140
119
130
112
124
134
124
123
127
111
117
128
125
107
135
133
109
113
111
119
104
104
109
117
110
103
112
112
98
112
121
115
97
128
116
131
110
127
115
103
103
128
119
104
111
107
122
113
107




118
117
94
116
117
122
121
111
120
102
128
110
137
119
113
114
122
108
108
114
118
104
110
131
129
115
113
124
134
118
118
103
115
89
128
129
121
121
127
118
114
118
126
122
115
111
121
116
123
120
113
107
110
111
127
97
101
118
111
109
129
116
114
125
130
103
99
124
118
120
121
116
114
112
120
126
90
109
123
105
113
97
101
91
104
126
109
110
115
104
117
110
126
114
119
117
124
89
126
120
123
133
106
125
105
123
111
128
115
102
110
103
103
105
116
117



111
106
128
104
103
114
84
119
123
137
123
130
129
125
133
129
111
109
102
90
92
104
105

122
106
125
124
129
114
106
119
127
102
114
126
129
120
119
98
121
112
116
135
119
103
97
98
100
124
137
137
111
114
116
98
116
134
107
134
113
117
136
125
106
107
115
118
120
108
103
117
112
124
103
127
114
105
131
134
101
124
