183.495
184.519
184.777
184.777
184.777
185.035
186.338
187.129
185.815
187.394
182.988
182.735
185.294
185.294
180.491
185.294
190.086
191.185
185.554
185.815
186.601
180.985
186.338
186.338
180.000
186.338
186.338
186.338
185.815
181.233
186.076
186.076
186.076
190.909
185.294
185.035
179.512
185.035
185.035
184.519
184.777
180.985
180.985
186.864
186.864
186.864
186.864
186.864
186.864
187.129
186.864
187.394
181.731
182.231
185.035
184.777
185.035
185.035
184.777
184.519
184.777
184.262
184.519
184.262
184.777
184.519
181.981
180.245
187.129
186.864
184.777
183.241
183.495
183.495
188.462
183.495
188.462
188.193
188.193
188.193
188.730
181.731
182.231
181.981
187.394
187.129
187.129
186.864
185.554
185.815
186.076
185.554
189.000
185.815
185.554
185.294
